17661953
3151822850
2345697290
782377330241003520
3241836565
116949015
145621020
29523998
342065183
393642027
755698834345455616
850872572044390400
873909551527067648
69468217
301727809
555253834
937066574
899664563238567936
4832100434
823648764976046084
260472941
52363386
2177433740
707259000744747008
3339026608
2822111414
582910139
1909555387
827739148618436608
799644442902704128
417530053
396034249
1007157456
1632436434
825285097008005121
915964051385135104
943423729
372867318
1440383239
14647570
22413587
3042869523
372048170
2987426097
312705333
202277190
177733971
2728657237
741343590
220463469
1038549362
55640436
120291720
1061812419511705600
4705026450
826077147827691520
1228931479
61276572
786626691871289344
894642721096380416
444400033
1039558356871118849
14909883
260211154
967782350879850496
138707415
3039658462
2876572127
265224679
267420145
225968641
1609531916
38732305
26444321
512492072
903578155
3293970996
347931190
47186498
2851308104
585761360
959224042137047040
74482277
3218244202
278659694
875599623900889088
2191131254
728634519289511937
18809468
970914115710435328
2389410427
1008992449430204417
710857681926361088
709089676922101764
743368078801571840
30835369
999703856849268736
141918939
325812972
33653487
78447346
717727636512980994
99746558
432177928
17859339
309592847
2373255952
615809810
1017181886190321665
216433426
824582631186661378
150864665
856969871023890433
912720674
277775143
239862568
969630250354204674
91358008
388432699
538313531
838621284984569857
1004225337163747328
3239019327
87851842
1329922886
916079711687663616
821372173604573188
3068822347
44663631
935431181935566848
486933355
850988711257006082
930120572
939855662795943936
996660828521746434
1047555036753014784
548766597
994280334
461702043
778684929110515713
291799976
2431910840
3312812984
19760063
1339851715
744142746731089920
1068850525393903618
184288206
2377941970
2244314071
822120163067789314
199721988
17466375
795107478157586432
3197010966
787486
929039394
918032913756651520
1393132584
16221225
818672259690823680
82019372
1019196799091912708
1057741287099715585
37749812
17171509
183272506
539198528
123896905
22643800
922413480652759040
806111541166686208
968478625518489606
843371817490251776
1077642344
924735719251304451
757530828473790464
49939598
335873168
806859348844670976
53445792
176489641
114984112
918112383628963841
3168634035
2675836084
977371668967514112
1596130494
5145791
741344448
540247234
1853392081
956433618
911207520777076736
1107166891318091776
15697114
392758490
204997855
4878599399
143361258
824909099007488000
786039191767506944
3818620154
2219869437
718106991957315585
22873354
1556940050
887889238527586304
17761566
767743417917005825
224691493
478610727
772361408956731392
2286323003
829360110229131267
15533382
206144838
2650899799
137102683
4341826936
2890433914
525305212
277874048
76121476
2744976774
2201716106
287901073
17401234
14124447
254215601
2648638897
319227323
16516557
456525263
284296658
32376293
398263783
362022378
710498873911943169
123143665
90572274
973203003275608064
188679668
940938977283948544
790516995775139840
111412750
239666710
423298584
890634172716527616
79201835
3118827054
450266680
8881722
4884989501
896096623012569088
619677263
711000475340902400
3042281044
822473365621309440
1943799385
842991211
26642035
48596615
323520152
81233569
369231528
838403754
943956393375256576
1025144342783160326
940490759379152898
117507774
1076751064169234432
144672461
997304772762812417
3221292753
3100018403
8062702
770699898572333056
923241751397072896
893414204975312896
4030727933
2264139518
4371416835
327878408
238978829
200214288
44959505
300746525
720632638000734208
446727989
2175600440
823309508260794368
700419295239651329
378931018
30934869
3221227348
186550102
424118106
932521856984387584
889306663446093824
248285047
93882232
339150717
774851983882805248
798427034
224167837
1039931087416221696
2294187942
597886889
19302326
822878748894601216
2498168761
53512132
366643144
115967948
2435712972
3580725198
700815420056432640
946112067035070464
1085072745786941441
3233941470
3352430571
1018882210257137664
2325121016
812895339006988288
67602435
851211143238602754
19826703
2744813581
901568801879162880
259262492
32540713
19761199
904726658996998150
148473927
99616840
2907932752
342919252
34310246
424708200
3128821870
1027256366979674112
788600
453445768
196937864
783859734713688064
82053266
2822867106
140183736
18843840
183044296
4799858892
727160262713851905
3236464858
19564779
3280996592
3659434226
167446775
246778109
107776272
775380605152272384
15370544
19368241
1542129979
3894774077
317327682
1960610136
716191827196391425
50596194
4338452835
43616616
892509548367405057
123079025
1528072561
984419943100928001
3430582660
15534471
1076234636
2863958411
854923926018945025
2984544657
717643313357185024
425855385
177179034
14846380
2526054838
1122634170
2803468730
901712328
1247644110
41617872
17992147
243665363
3417868756
4816013782
225184218
2794293727
326175211
102304238
18942463
29002255
163645975
992301599308500992
703695386
755422830670540800
1072073250
1359972913
1094547440286552065
619645492
943465764203515904
1034162281435881473
20417089
163973699
3102575177
785795854183440385
3317828183
992565643617726464
1027148406
901869194584612865
1034945318146789376
880828970794704897
440109717
4170091167
1032096422
3346369193
59902639
264997558
250579644
1468009152
27626183
16190152
283871945
971226565148381189
3544091355
4833118940
2799766246
735251197
946211593
3308161809
10783522
12815142
1234799406
1001801984708694016
864978764182290432
567184184
307366713
945463027427549184
16026430
205392703
78941000
709815743773278208
20548434
2262698836
21826398
2669939557
912161125906628608
195005296
473107313
344918904
323259257
263392123
4651846523
710183810
114494345
903681781567651840
319490969
1026440089600180224
846559990408142848
628001725
2793868223
541068225
4886662091
2586282956
37391313
116132819
829574836707954688
19270616
27659232
920551
571968489
507415544
871268400668004352
990816103306878977
879439975921598468
394955785
1269959696
704384020
851538824278704128
4603513879
3898674201
23792669
160271401
2281901101
22547502
432802864
3404827696
866263546178527232
24579140
563874887
46926921
1025534481363480576
150604896
15862891
1506905197
2860289139
143559801
830472412596678656
623381637
784891068433174528
49679498
86805649
714064958527393792
20516008
15797425
359009458
3364883638
2919697594
910956780934615041
16813249
1401130178
27626694
24579271
998785814657089536
1372130516
813305048
92507356
1003131099449647109
3269659868
3164638431
628395232
37489889
256478435
2374241504
3046968550
961103400690647041
298061043
382471425
2356088064
232361229
965413558799491079
700222745
3099364635
958174420543131648
808051518242979841
1001090584780660738
703052569631985665
19139910
822829031573848064
4388425035
3039333711
3950972249
4865690993
1399360885
1322945917
822659
795544976
3328871831
287083933
2185039262
977112482
1104119484732919813
171216300
3042282936
76418490
714522981809033217
1397001672
2930544074
349474251
1013282330427867136
830886553123700736
278138328
4463037925
17698300
2413792766
830033448639221760
981818842652594177
1056911097138167808
4853271
3393981973
1025183257
497323558
31231535
1002208240254545927
2216136252
959125017303879680
72879685
2530872908
997519999659950080
544149077
2899775073
241897068
14847596
1315245686
163024504
47812216
1270025862
838398805917720577
920448752552501254
868191189262118913
916376206177652736
15535778
74321571
4846128813
747130626948620288
728720411479912448
418909903
1405423321
2475888356
3745091300
270569206
256675587
929614555348582400
2405928711
314216205
3035205392
1037472287509831680
4502556443
2604535584
53055268
884130102866571266
5902162
999429312423047169
1009747140497760256
1544327005
855841957037436928
109023097
961544622806917121
3091337092
2826768270
768901437610831872
20942763
994635692633276416
81235913
844662312019615744
348622797
790935788217311233
3034025939
211521500
2999422943
3422064615
20058088
140480501
2259619835
795624204573888512
45551617
1021525497254227970
859826936385871873
745476127
189173792
807243977544056832
4885483584
1016080868715257856
981468280375398400
2151485544
2506133626
192942213
869063101231923200
22843543
703142417659097088
2997981357
2493059246
4513173683
30150841
880939195
16290014
3030225129
635572478
245207295
1873613059
511217925
232460553
91263258
35098906
181244197
705825519477121026
982946452652642304
16027952
1009291578
896058686879281153
810736591148904448
98505044
700398433702703105
879636483359072256
491524469
836227816064634882
752612197520404481
43422111
465047977
2848428464
870664621530783746
20353477
3346436549
163942869
842273256
4845572585
1269830124
2283049465
455938558
128815615
96768517
789168995429593088
83989008
847689418840301568
32772630
3103953435
949099613662957569
18813482
20582958
1025315378
2600964668
4704342595
17994312
49779276
198939212
381686350
2350289484
41488994
562565732
17863268
869794196294520832
1006520684175118337
570954372
134025866
33952403
778666757418471424
716636715864035328
220402332
824168969015853056
336007844
65671855
1397592751
167416508
903861675400413185
76616401
4881519310
132649707
3194917612
968856324
525275935
960403142197248000
335352612
4873884449
460428084
873145935601205253
719885124
2679444296
189240138
431887179
9933652
467571540
2874676055
2179240802
793127985608003584
166892395
37950318
133239667
466228100
1126851827318673408
1033393337775087618
125440910
112464786
218960790
195335064
23073692
838419218055970818
3299578802
1920701377
762033993869033472
240915410
2741801940
916088819971186688
492573678
32445428
47682552
44209145
1156617211
705139710
167449613
1091096027493326849
198317095
49091628
126227502
70751282
817141757813125120
755270065235202048
47289417
59249748
962681987298447360
562304091
809841090576732160
30315613
902446367225860096
4834923616
3183721
803534319566331906
903985726232059906
3232961665
36705431
869821774862721024
3573191833
351507632
964826293
854296749858582528
3296826558
4873524423
969156159620993025
463934666
31888591
364319964
245732585
4466185452
809392810692640768
705343833865900032
148673799
25105677
3497268500
516101400
96376096
50730289
123999546
2552698171
23237954
499750214
3691681096
826044031176028160
1076257716547604480
805508454
108074347
43423107
173970822
73307531
8426892
940578099787456512
414946726
921015630257643520
973589891023097856
1912083895
888399761128267776
282465734
356324811
890502048101412865
3234272720
370415067
22451675
712328431581540352
999274590194094081
861299120216190976
739789891756822528
2312639992
961908849719431168
2367919621
23565836
891029954573594625
485234194
877800655477501952
1674188312
1104009789305167872
923505175788171264
2674005546
3380581934
1513231920
865345441684221952
722875126543433728
16291379
869092589626052608
1076117436695498754
2575242810
904479290485596160
183670357
776461002984390656
3074561625
1539085914
17208934
1018679050615877640
782908588582809601
2915636851
800412835549302784
49616509
1012706552573190146
624825986
302716548
2852689555
948934296
61576864
859126861842063361
14227120
1119262562757951489
4446656189
1117918915
2243827406
17602262
1022919016107724801
810854024769576960
406722279
1029392984842719233
2356254478
624662289
1014158241155158017
51779359
574068511
19175208
770392166749184000
702125877
4863399736
734961544782569473
34248544
1131288422
1005186374104993804
3103889257
3224409977
17602434
22124420
945232323154464768
21993376
2906494880
2929465251
106403748
2713589684
2743932870
314808264
997586853481140225
733536950963994624
2966165488
925969118112526336
800721569194516481
2284754960
1002706964
300947488
258840610
36083751
535926827
60758068
45914165
362518581
1067964559334522880
818287490503233538
813994999335374849
2864912459
902255009814982656
923277409
3192821858
18585700
572266596
3312719978
83695730
2229344372
2217908346
3771373694
2267879552
262641807
1273534610
1014809969760366592
891374399143673856
54171799
2219874457
939049237647474688
73603242
996426189144231937
14031032
774263291384242176
826406533911158784
1072273603
20420810
19798222
1413060816
128063711
920392896293031936
550639859
3153336565
856542084286873601
297441533
844482646726062081
22485247
4758116609
1016762958393872384
14293266
818789312158318593
3229980963
801469855035772928
741349681
81074497
342825283
1047259146540736512
42637647
875698513
2391939410
896863576891293700
51943772
2151553373
17996127
152639838
261298527
347380064
108632426
946702317570613249
1062344564084682752
3270351253
2438273430
1341462944
467016100
24320423
1341659574
838220235282984960
17275331
960573909153337347
950783869158088704
3871545803
2726402508
247011795
2855639529
2196773358
760366147006980096
877239859789918212
2801703431
2364283400
3909884428
3202226709
1099833860907356161
853684007858458624
926084653362176000
886942048661536770
771238265517056001
50076223
2257558088
4157807182
904226437925711872
149068367
3203013223
729520754
55777916
23435918
3369212578
4894792367
44800690
263985862
608312013
2563873488
20126418
1952160469
2829196009
3247053547
245373685
741219067
169843454
4923792125
963802751519154178
952992372501164032
1084784239369994241
2873891597
382376719
15670031
813794223220670464
188652307
256219925
112040731
714591936925999104
753373913510318080
94149421
703666996
962534197
14162740
48470839
17799992
768160176448864256
975182654
402004804
2692291396
971543466244169729
773578637320880128
2992610139
3095894879
495721318
22387558
1037250399445680128
1050822783788290048
73374599
1383635852
1167530892
741772077699629056
79141783
865902585340887040
1016667620488036352
337157031
716597732358512640
312712113
312482739
379165619
1202953147
926780404735995905
257563582
386538440
2410388424
146381777
519379926
881682896607600640
1976507376
1127612936938123265
47848447
4453637119
3299154953
879167317531279362
2715130891
3153566740
89529378
919031263683477509
102931503
471342135
2749078589
1543969862
95460426
784064094659805190
343776337
891306080826949636
841300331090857985
1940581
2910755951
11803762
1604852850
331095155
899169868460597248
782472104084066304
14851222
2723093654
142580900
976166065
776103870791618560
116661436
15867081
935992531
2871958740
1183325401
1029668917726404608
216603871
1640176866
21077230
1538727156
1003113573260955648
4609875193
4889943289
577576192
1029176418352095233
88087810
839902097772527617
579083548
98245918
1042828031096709120
543628583
488480041
21110060
881358171608100864
16915759
28155192
735228714070507520
38640975
896566695162257408
77995346
968949741827575809
931126554071044096
931452017188388864
40082786
316808549
47750502
993728385812545536
16555374
39296373
891122047170072576
111091088
4867857808
1360272787
1260592542
716905889
94182824
602381751
69279164
23141832
495066576
945888721
627252689
235904481
195337702
1747262966
21732857
1257086462
63675905
19766789
902187792209457152
992779795
1318985240
900991568588320768
52469277
2948668960
1512644130
130620969
457973298
819568190
3430620735
798992145332006913
2991136326
629055051
388439641
877004768794648576
791638688404942848
1111834102032928768
1205608057
907360155356065792
252092037
2402328198
3221397135
757378022387294208
749575844
193699495
248192696
2373459650
3436355278
19308247
1544920842
990870559746592768
2295013133
45817618
2958106398
8363812
1548066600
2433228584
23076651
1019185260658089986
1053648363931893760
617193270
63905591
232431419
41590595
816488133671854080
947752259038801920
860697332828045312
359341918
474193758
2370772835
946806636
228040559
187637625
1418600322
1013107352017539072
284204942
561258385
2776735635
870707472406765568
889531128381448192
844802982747107334
31367101
2270404548
25632717
165683156
2538381271
4175536095
2469175266
765919781258162176
2435031035
811826609527275520
1022229178064617472
778278394475716608
52404271
19341361
2836701232
316940344
97394759
714735488104603649
811923527683149824
2565414991
2836930639
80552018
2902237272
23175265
436969570
6987882
478912624
432152689
49979511
4857372818
19669153
1317249194
54993083
794815
17899712
2294358206
5972162
2443813058
3421348037
816656101571784704
3060539594
90579151
1000677594
298328284
41689347
744862512974303232
962240772
250323208
76620046
28614941
319824160
24027429
576135462
1072033264376864769
892962403415080960
977543461
741351722
1269440827
1209508160
554377547
283746639
153166165
3317834076
155951455
2385027431
490185064
902488723152965632
887136624
727446485952909312
163488122
18293115
916316224983846912
380346763
810727949129355264
858094933558919168
2906005921
2708709800
3970638255
252780983
2865766846
1337860555
1598464465
248816081
4421722593
2318606822
19767792
820650170773868544
973033711087374336
53977602
93889039
2704548373
902981712661155841
1155473971
518103608
16720454
3367445063
2249237066
862766078275047424
111911521
37495408
174629489
982938374796439552
3318227580
716460743667933184
882117588263817217
438051476
21209751
237413017
3335463581
1023576400425627649
815232184139255808
4820804277
314843854
30057173
2855215836
817844715940904960
979149542
425566954
864631179412213760
2756879091
350298875
494281471
59286277
2337153800
2269520654
17015571
107094830
369664817
2842633012
448144181
1016627798654324743
3649512253
3257606973
16163648
25961280
393454400
85861197
58303312
295641947
2420712286
129016679
447128425
808142928958910464
291349358
26813302
471212921
1079911297
61186953
1073028550305959937
24454036
744204217821315072
2366055342
1062658026505732096
808257421768466432
2438407098
30974911
4859274173
340861893
1257645007
2500994004
149201878
961192940
256123901
1113358874747256833
905445629320728576
14492677
31695887
198812691
75670548
2338300953
2576917562
95888447
16000065
14132290
19309639
803912492904775681
817767504
1300833366
27927642
718440932652109824
750502701457440768
2148836497
2388894907
2602181830
2818811101
19408100
505881847
743606849732214784
3355321595
4257195262
3246269706
1068921598541889537
3263112471
21407001
19342625
1029603103123759105
743818047564087296
26453285
941369543531941888
25535815
1063468160127385601
335455570
1562518867
867851851852427265
3197642071
4655687002
66168176
784165892124921856
871748613260673024
21144965
258844049
104932756
837294366678994945
33170847
892630616927117312
289744290
147563946
984189180367507458
958425442725240832
122430910
3404572095
358786499
412001740
70002124
73180625
801037012094611456
378480086
720359237084426246
821567125785612288
65349100
315598318
271427055
555984369
727404984854257665
979404264060719104
137405952
593602054
44967432
759309840
541894173
52799012
177546796
80815666
820291862950879237
17901118
730870806721527808
561194567
966139924146606080
4143720014
418358896
779513335393968128
774262070418157568
3761415808
155920013
2148411023
2583733904
276473490
983508625
155657874
820942986703994881
1127829883013361665
90482332
218179230
495888028
2816190113
195274411
13444782
66758318
3165497013
3224053433
2898667199
344270530
18654916
931166933675888640
235906777
1087658246398107654
28583641
719911219499556864
755069219612594177
15345389
916924148
744232468455297024
558606074
1498326793
514991885
3193579278
2868389650
3153012512
191964962
211756836
907989431847550977
786664946574594048
2552932154
746334879529345027
18556736
752544940454969344
989203828879880192
3277006675
4138379113
2241996661
399746934
78948219
234268542
193931137
812147402039853056
294463366
18425738
571025298
14985117
850533626915602432
104212396
33531824
915607199241658368
163194830
865544160
14624737
46737384
2709301225
788996303988621313
1265313770
948161620198526976
3012503543
14395388
1066205220026241024
230074372
757946163886628864
751885664283602944
197208080
356067349
23242773
16951323
17410075
1043564178429161473
3194824755
870668192556789760
21702713
719269859792678912
159492164
429008970
900671725356056576
560277587
3418695765
18819159
116533346
507357305
408955006
1054321970442059776
1053882179002884096
283617432
2296129693
16165031
140093607
2816256171
478062766
722894149163167745
2201987285
869498674262310912
41953515
879024865386385409
10479
164178163
35203319
3997870336
366684418
2371528962
984727570070487041
4630831
977207019814957056
464431420
13936962
18721096
20457806
50669904
3162941797
20195689
778479992
95070588
859269154116972545
859673809246408704
2336762256
6269332
130886041
6236572
2546837940
50407864
3749423547
3684215237
916335048
929057550124961792
953158853088219136
3290245597
573581801
1592732142
927896516479586305
2327390704
429238783
925407282401230848
2393254422
32549410
788834858
244099632
964400454535753728
1446750774
468003384
36121150
746626802580361216
895395130873610241
4764183104
846726371426684928
3244075597
15379024
3857623640
2685020765
1951738482
293218932
3936135796
1055686451315249152
32942732
1927195286
737356442
800001704511098881
3236932255
94907040
2361338544
607988403
236825272
600943290
20523706
3091933884
724302599244132352
1016244928945541120
1001924898690863104
179546824
16329426
777870852863856640
940167585928241152
25438960
744991128391397376
798005198631436288
1604496128
4874939135
19442437
166603532
18164495
164244249
932110487742947328
107391777
1278356257
17148707
704678782066565120
4893501
1962748736
2175511359
4849314624
4922846026
858762062
1045289940475670530
27044697
18197348
2307926888
2311433065
200485740
838643376865984516
85338992
728014936136241152
166603637
1639787390
73345921
3096292230
776323125453656064
1017969399448440832
860844791180951552
178563985
992575091807420416
117156755
270052245
57912217
833726462213632004
1593224094
787753885
1248963488
2360191910
1009419655537020928
1030037706250833920
817110679832313857
772713402
895167258003218433
3060444101
1057613509024997380
2612145098
201436130
100477926
41790445
1030090638723870720
217361400
27831290
18230272
550317064
399518734
1014099400229031936
426191903
329329713
819635459592769536
53324855
571518016
732140730269859846
17214557
2751376477
1713417312
4895353953
1155116132
2363567209
10136692
90680441
3243551873
831448779731656708
42478738
21310615
17575069
209038505
21376172
1001530131847045120
917448281315266561
556608700
64367811
120401094
2303077585
103034068
502213845
28716252
23997667
409185513
460172530
995110142
3513953534
91598081
17476871
474000647
36449545
21507343
1003433245
816065821
230698275
82160933
2741447998
3305090367
103558465
1086324803399671808
44870998
798666202511855616
2474290526
916696422
15248759
1952165240
75050370
54373762
3079908738
1277504906
931135470901301250
2308156820
3422727573
106180004
3172445603
1110584615629029376
255569320
4499418563
14101959
851917976513245189
2680729040
49491411
933413814992887810
491892186
114535898
339684828
998575282641690625
3035835885
54406648
214052348
2485038589
934962018406227970
923993311169400837
788287201197035520
389656096
285847098
19246655
918390318243782656
2380672579
33435210
283127383
929051260849872896
554118761
3835670123
3400117872
788005959637602304
55029378
383987330
1963503246
1077810873446522880
1608887952
441462419
1374924439
2371071644
1011189297179836416
16592565
36384443
240135871
19279551
114863834
19574491
796872632238936064
1131854274223366144
230403822
2757144310
398765819
803285045133934592
2688298747
1978806019
929095586892124164
34713362
871489999363072000
879556014919618563
769147471389921281
82358049
999332464341417984
847080935325618176
213724993
249704264
16035666
19378018
2785095528
810524475791904768
62828411
817077591354048513
72953729
743876526781800448
884842715963424769
2200383367
2595499910
761530314615238656
4325945234
803707636306870272
133836717
14135230
42643394
467513287
2394468306
162082784
17903589
297054186
871771932454248452
207859693
1006334607946649600
991548361395195904
16134137
615591932
39661570
2874880006
125906952
1058759346933252096
12955672
266711065
78196762
50999335
527806509
2371631
272019516
1622978653
21311584
314585190
180531306
3054219378
94777462
63385728
55947413
766280760433242112
909850596890628096
2563748017
1018130565789347840
270446775
33534141
22556872
3394056394
246362315
4866945226
4539855079
1058302454369058816
114077941
909314260781604864
2319167748
156250379
139374864
575910168
274903321
964254731404165120
1423225123
586887461
2344530218
831389770941026304
19116339
22163765
3384619318
986192251356372999
374485337
1068207096536211456
2493821286
928217287836028929
258748784
2623189366
347419000
739593906736795648
329691516
303772032
2399318414
126136729
1407791516
1066807711
818262439
176206258
61878718
1034192806712168448
741323209
831442882410246145
116666842
845499075625717761
15970784
872573456520491012
101790183
27865576
14135790
202322417
1976316402
285061623
188363258
540127739
56308226
3816665602
773573510866280448
3949736472
253768224
33927713
10334772
974370828577071104
3238834748
543928898
975811146
984081778565570560
611922523
888151633665949696
238793331
19903102
796742691610591232
865528142701543424
784498544656777216
32813711
783953201682866176
613364372
121156279
709749457605173249
42840767
762613982679138304
941069128214839297
1032003141120811008
29733577
1109897941
869610198
911048100143353857
104182491
157954779
126071515
2534650596
2714874608
42840827
3355292415
113423108
885011767004450817
823280797897486337
4472714008
2216801053
68236065
129315638
3317871426
39170889
301708107
1112804332016156674
246133585
45691745
17118051
1029329505066868738
793937282143318016
217789317
784903714045829121
36451219
779133507473907712
10957732
134853553
2833822655
895593887015641088
850015184
975005040233603072
766291360840310784
24359911
1158820843
14234604
1004744719648395265
2775757824
633287684
2781983760
48673814
289616919
125252642
1597027368
51360810
955442706951561218
814133503134756864
317535301
848842918005755904
252195926
724967575290019841
1378104410
2955490408
3252401256
111743
790762447695118336
14267534
1024298740339941377
29275281
4455380112
3313415320
735311931880407041
143832223
1264628900
39629990
165196967
823915004365860865
1074506904263548928
394179766
264942775
16495811
3005330643
3259315412
13874392
1169962206
4794692844
2498802931
244200696
3075880184
349123838
301217023
856399164523126785
262321413
865450380724916226
218379543
3927258395
3258070316
168834351
1072879915903709184
1055208757
4833293620
15185216
216479044
586757447
627225929
304067927
2360554838
1010137476894113792
14562685
1058604028962136065
989317210463186946
15250824
2462299537
714949505720823808
956648562934370304
976281459806949376
711701936
286242225
3301520817
40482230
950526548565610496
744812384443760641
3803526616
737142202481016832
44840411
770291166
931843729928753152
3711415777
148190691
2354787813
1735079407
822649066375016448
469284342
2380248569
743257596
3139188226
825886070919327744
1942599176
14956049
48182808
874598887645990912
563426844
939602020142641153
3257911
1128243085970935809
56800827
927058854571053056
831043135
801028471325593600
2558015071
2455582309
393033324
887608529133199361
2221782659
847375213264158721
863991053195587584
123582098
484750997
900011104578879488
4039521973
976246871353167872
855441341681201153
746704080022704128
828956387531169794
28882661
616085227
89994988
885550483309461505
841596412265615360
1316108022
20821758
989080526719016960
3193878275
28358405
2232104712
921033973199003650
915257102
61847314
878258604071145473
1275770666
895173527548174337
1016005463291367425
180500274
241317690
159496014
2788046676
875408810411790336
22329191
226310002
35338106
154810235
822438808692158465
593442696
1976317832
226113426
108279699
16103324
917700575470456832
937790860871258112
483473315
501397421
457979821
4787025846
1060953799404204033
65484730
1045015329728917504
36026329
167589855
953342495617896450
67123176
250984431
790834717851385857
112998412
11581462
799455259
780991956776284165
879904041727172608
2271688736
39729192
2329131061
4260837435
974136656281374720
927930820916142080
106608725
301250653
803993902411874305
178403428
750346539957006336
1678424172
1037940860
15808647
3048192134
2350299277
2273032333
26228896
17184930
3352180900
2248718508
978992337371172864
22395059
4159387828
33142966
17250490
558020798
2212772029
777377141998559233
929488002610581505
109820126
3302504669
74004706
1682880740
1240873208
79182073
1465334022
2162833670
1004853040048820224
48969993
1096038673
234338584
1141258524
66828583
4382505257
2617129262
4863506745
271726908
3197647163
4658673990
145045845
718883426070347777
914667890
3261610381
1089059215
17414544
2835855758
4724963737
106707357
2892216739
787134889
18495916
249117103
22362552
52640190
1041788231958716416
1018548951073488901
757982314609700866
1026500650128080901
398047701
3374201308
869296910342946817
16726509
451787246
1589688817
222247424
114670081
14432770
2891332109
3764468243
3290118683
410171942
948840138251128832
51100208
759002877180293120
57621044
129776183
414726712
176732732
22428221
1443117636
42908229
4889950793
769004109529686017
215988823
138820184
2201205338
3012147813
1735015016
67058281
88062578
4730403444
820250227751976961
1928805007
3317414544
3996859035
365804195
561035955
996293299
237222584
749820055144263680
427506366
933077873082224641
801486
57555662
823988794751905793
1335474918
3310107366
19086064
2304883447
385628927
857246890064322560
903848608289751040
84425499
2171288355
701380200672665600
3299752754
973689689449250816
741604790870921216
999937251667623936
819177552602341376
803538107966439424
2231647062
164641631
798585944601456640
918212815432937474
274611045
177257319
4162075514
110476163
136362902
892853806873976832
16202671
910270111273017345
142293938
783729547120443392
20167623
969784538564984832
28654545
705030973751078912
54180835
51067886
24919027
3428432883
611662839
4669193209
706667133367881730
170769426
857854429311225856
594918432
763384403380867072
2466102318
1003104356621697024
634338362
2389031994
3998334019
36387920
172833879
1399897200
3931782256
806186359950077952
723353572272799744
2220997760
774599623851728896
343751828
15449242
1099333849337790469
753621019143892992
727813305138565120
80526512
55393461
862796983
11025592
2282699965
16104643
1561607376
338410705
15318231
925382437642829824
1118571039347200002
540720354
2907913446
2305146115
376093958
119782669
132463911
755072668903219200
124992817
1079015199938535429
248266046
724611831785000960
574471492
1011276602892693505
94453102
757641268784619520
3129949563
2755575163
503332237
862974547347337216
408501650
735176115480723460
926464763034587136
1044561117509496832
926156925284253696
947214797246029824
877575607
1065152845928980480
2565356988
765214873500258304
247971267
4098735557
38419922
23412185
413056478
731823600
282312184
262716925
728186370
17219089
226377233
885994223643877376
220544539
495402527
890879521
49561124
138526255
73383500
389430862
260685403
2293415520
111525490
2768501
853563223655698432
2478128761
828705505103245313
1039134464956350464
1147256474
76693160
135904937
708067165845495808
14859952
1042037267064397825
1000897947809312768
4882743003
2995699426
860054989405925376
19021551
2670321
4286988019
912268624844468225
809072890528329729
4902207238
385040138
760580044632621056
3058515723
729010873537318912
704065170394517504
106282779
137281345
825117123936612353
875712264027992069
10010462
192790381
15712110
4645306221
2413051760
1081892758246191105
999508587251748864
501464969
816030903864557569
63815571
849922282961219584
555270059
487833518
175292337
18235313
4707467188
18857913
718860557814788096
996447678799187968
3041443783
341917659
1003510996630102016
1089563175903784962
2785329123
14499829
31375357
137281533
37404678
72925190
770057
18956303
243679252
725352269823234049
273793069
138920003
2887991362
819303461393154049
921390924546105344
738836842758307840
16564324
626081912
430227578
14762108
740657711566688256
631586953
83837068
732785217656782850
714885175994232832
4743610513
4361928854
61456538
748175545
735934318816731136
22495419
41140413
808018329877311488
103629010
741327062
719529665065431040
589119722
39076082
762964844941348864
84590845
127746309
706555539174645760
874253057391022080
376291600
2214510864
733832235829202946
91078956
3436921133
1006476005584883712
343392565
545636676
185188683
1954431308
14926165
508641637
607437164
26460550
912709859077951489
39764369
85410195
821415219943522304
2244690326
54182296
880648121583362048
806030868145901572
1325941160
915287177440903168
474431921
853512235699908609
157761978
32457148
6242752
543506881
765477312
2178204114
3313975764
309379549
379109862
949257814077267968
37175804
100057600
177717760
705438968377167872
1025871838201741317
903271904038985729
399196680
195379748
905312713395642369
814818520378777600
16990802
2304590436
2629681773
257737326
1035223662
592953972
1028378976245493760
766827171344162816
2980594305
616219267
703161099026169856
845349942336008192
752762279544885248
779071402397802496
2966667943
17973935
157467323
1697301181
217039558
885644957901611008
18694861
175620819
3836592856
1009010192703541249
1013830455710355457
2208056030
1071084272604332032
18432755
180306677
1013232376758128643
291128061
733630999347789824
873919885096693761
496190214
203539207
1424966412
14140173
2563719948
2745189141
145703705
191349533
892286182830354434
80298788
48349990
30262063
150881077
190661431
402670404
442123077
29967175
98911051
739066700
3065955153
15221598
737756573196529664
28492644
143115107
3076113253
2298495848
97338224
455983990
1455440760
620774272
944543995342020608
420561799
717534441955057665
1364870030
19415951
263668627
19284888
994127615853236224
1113807259224682496
15844254
1355137951
1062974657945657344
890879119436787713
118047668
2735195061
143901641
466666446
1658700751
2978268112
121586643
205079511
713998580579696640
23446496
746359431613517824
930030655399919616
71943155
701684121286868993
375997436
334185476
4501455875
143475723
254723086
607274006
206717989
852484437312929792
1068798004684095489
1618986054
881265324921847813
3017688144
19055698
989958671021977600
533415002
959576979182948352
85869667
856240505826496513
526369903
851807326885433344
115917954
2256389250
113689734
470402184
103728265
947209768648798209
819305793338097668
822463635767382020
95831222
1303168188
3670394057
2336998602
15484116
815382934974668801
2603533548
2667922677
2985805048
819904161584185344
71255309
4846765338
109004078
22824243
841085279033294851
29771070
1005035689552023553
883069070458990592
2329658700
43959648
21677409
209503589
312034662
4251469171
383960454
552781193
928219567561891840
728352151
24790428
961345740369952768
926882688199483393
1548207565
51070415
786892909664669696
2853324261
785925361750142976
572900856
800799593067790336
738699184010887168
2286536194
746087949251510272
18400789
43402775
353388065
927489830359109632
883887602952265729
4888118837
3832596022
905570037414678528
77907542
15910494
2897266280
889473266485735425
84166263
26887802
320685694
967424267343319041
277988995
84690564
8963722
16238220
926953491775545344
1001148542520471553
1003813785482641408
3458090661
2798012077
72173234
4221814461
832492364807573504
8472272
39143124
14763734
82200282
720430175444291584
1014844205770760193
43337452
890045303428063232
2174895866
19908349
460441343
347358977
1560823554
26330889
800202070389161984
829625021278547969
16009000
133449516
615434038
264030010
25773882
541542202
39733054
244762430
826801576308244480
280512336
805858080214962177
766539591243313152
112412519
4653205355
3032401773
67323783
2415478665
764147143875506176
1479690138
2515552183
262948804
114083789
20531154
18302938
360630242
896774854141235200
2603960311
33441787
184895494
904779336426942465
3096299525
1322502162
1665779744
767463602718646273
4583278638
106252338
38324277
741295273062830080
711458950114381824
958842956
868632679
1917110378
871908567514611713
966290671148654592
880027406450511873
33867913
141183120
202590356
79579285
1537362068
786824046126043136
119163035
316721314
216647845
16074930
3819701
18335931
227723458
912397187518287872
2328578257
882270580535287809
25544922
28690661
907541794946240513
229230832
1047945081112735745
40257793
15288582
927844614
824295666784423937
937369451401437185
25119006
47434014
104745251
20859174
4082125097
321767723
1508067631
1723156784
1601063216
409487670
999003746309992448
871838644960624640
1581697345
4854761794
960098658715885568
856148305
331204947
524536151
719666283336318976
501270879
2776385887
925556459160719360
4450503017
719622353974661120
295750001
3681274225
3307391346
719921446361919488
1266698623
2974042497
1104464264
32360844
71977357
2900216213
212715930
498682271
3322431913
890935187986665473
347261357
108513718
827247030
910972746187894784
301746653
28625375
377899488
10602992
19024373
938187987287805952
263604742
710474748858404864
430459405
2862631439
984842507593879553
195971609
1076788084707082240
2835892764
771405325601742848
2273462821
15977008
2831665715
1033713679592771585
22399553
266816075
21318226
3351431771
115165788
873777758
1711589983
1630849633
3091417701
2363804264
307448429
517950064
253381234
840321654
988457918436663297
1704118916
1038358191170637824
1711917714
118278831
14174897
1432373952
462015173
262195914
1019912923521671169
773340859303682049
954619563345235968
2382416606
3241822958
366037745
487770873
1062947581
2891795198
34556681
17976087
528665371
23481118
798717758133309440
777739085557276672
135187246
33966896
23546685
4213571
2347354946
790405520536444928
2291256133
1023871429740249089
239881043
856129962218332161
1549454178
1389906786
766331766
2928626550
2534591350
123358074
163105663
4886743937
602688400
2762361756
25676709
246205350
373607340
765996586723840000
393202608
407227314
1889618880
2799127488
14371778
606325697
17451974
883829106416242691
2759674827
123521998
791923662
1188547537
19319767
430099416
826856869884993536
793862718482747396
531549158
948207788366487553
463064051
109399031
608029715
766287113008578560
219892787
250203192
85249081
50383929
1417595965
138726463
3092433987
1167576132
1054324051534077952
361385033
410963028
364563540
1052415363336597504
869914029518663680
4847946854
324553848
534563976
1051236768324997120
18500764
460475553
329141413
956740421555601408
3224816836
822468104806682627
83905744
279268563
1082903796
171953423
2272939279
921324824
870248680409976833
50679073
3234745632
38325553
270847287
711540841265889281
224316749
381504847
17911125
17419608
18271581
2393001308
947522489818562561
231820645
15256935
728640537964773376
531647851
985451893
928373455866810371
2355121538
485838214
826110105775173632
180407695
242797971
52645270
141938077
525979046
937380816417640448
93670875
2269957598
552259042
42257912
2364657150
778329986176577536
53366276
166678023
18632200
2993311252
884718788788224000
44584492
17092186
1535921808
357846677
131714710
29445797
249712302
719554878721232896
1431031490
2908442322
1192644307
302599903
992550525546582016
804314151442993154
906252103349305344
924363278431801344
508153605
424693524
932895543319080960
790310894244810752
478826292
3937914677
993958094949502976
941788465682841601
831409986
2793295682
1665847111
75943762
93048680
841437061
1165905824
816514740709040128
1357500344
451203013
169856965
2232078278
2235191251
3437940707
890525231290302465
4757868535
92360701
47468542
3723281
1061441556
1726566420
743621806049923072
819496924831248384
704971811587371008
231854179
997600309873700864
16666748
116805761
56774790
44454044
249843881
795563001348816896
1085095209292218368
442945729
965943396413202432
58249434
976310503
2581057772
358142191
165204211
16240888
52809980
905690261660958720
344772874
724481974451081218
2421903638
986931035261681666
431870243
1048354180375695360
476565799
793786463284371456
324489515
3670429996
454054190
851038512
777998642
1345016119
2148716856
999659070041804801
1418219846
922499786879766528
745452029204697088
753913873921667072
115888481
437637476
403427688
2440450422
601051520
1060884866
1062718398881120260
1009018262577926144
500191626
1391776140
25481623
3523989915
133648800
161305007
928059118010667008
3254735292
469324230
51728851
1036761
2531643876
1150472684
1925927425
17224209
2315670038
2877084184
988690826694803456
2743357989
33608257
242864705
20337224
28824136
1344164426
2842743370
743552600327524352
1419956815
99701333
3610792533
852377888582127617
772219106712051712
38556270
19649135
992059937131057153
1128813198
1034404354793631744
921260227491717120
19583644
469291680
26956474
128668358
1050123091509166082
40260310
988532892883148810
452809450
3433157361
1475564276
313381624
103142138
970685727385071617
949768987
969429798
138498855
586634055
800683762921054210
573461332
833994593263874048
143381337
1132352347
3371520869
65524584
369480562
3187168115
3197064062
2864731006
16929669
35443591
20140944
57201552
808873082500902915
573985707
317019062
2629489590
258790331
2457588668
831707834802843649
215045056
752261531090300928
470373325
849370429794004993
378819543
438064091
14865380
234869741
205837306
949801988
977130505
1411699722
732743162578395136
981521426
954686202053058566
2434782242
822366605560582147
1469404202
539481132
335991872
725996618
169038927
557175892
70866010
246043753
4430353516
817449754321911813
1270797433
329864315
142890112
936891528
2156352656
52417690
10310812
742708387
777181359840239617
2307675307
820053577053929474
15324359
177296591
44684503
15357143
436655333
1021281873455132672
717438453571526656
431936755
272880887
223827193
834417710918463488
752921910061727744
153474316
82138381
488887567
587584783
329209105
36132121
2777175328
823774541465817088
368760126
1452365142
18994523
3342357856
915394770905763840
118674790
2553468265
2558809476
572282251
1058551289569730561
910187596764057601
2735003034
783585450665582592
3495331
775994434416545792
288183724
16995760
873842215092604928
286512571
2478331322
260330945
3245888962
466867652
129160647
298538441
1542018505
48485846
828955832268242944
2241287648
747525602
3286128104
3308279274
43472367
797404281531822081
63985137
434623994
2400376322
398087684
267113991
17716745
2429507088
535287317
22631958
97736222
990276319958073345
240473635
125457958
3027195429
952066110383259649
3017823798
4839396919
783673747588907008
21780038
768957925742120960
7984722
740564193112412160
2310329963
16438898
834981472507326465
16012926
96818828
1020746220095012866
1653134994
25843347
754048701400776704
3219773106
2675136180
232904373
49534652
2840647359
845246706774147072
498947791
429348563
127489749
461919971
1245042404
852169278858153986
797923780957978625
116250346
185358059
953289206092058624
1496841
937095642635296768
1686165270
1620432679
3144374056
176838449
869084342844235776
316331833
69687111
905720126426763264
2872661847
47830873
936138589
451565408
2248922979
1322145637
23746425
1928648570
2442745722
264198012
28170108
1068430377956585474
18962320
1121081233
120903579
143480736
2607404960
823503221645869057
19716014
1007605481005834240
1072203990820020224
39049148
16471999
890591104978046976
23254994
2176243680
2868140016
59594745
2809878539
3345504268
817453081
96196635
179820572
438622242
133060647
20240430
1912297520
26859573
211736633
771421889176571904
712235071
44554315
4192327757
60905559
137091159
928775251168657408
922081454913392641
2371147880
525391990
1015073788319485954
3248052346
36329597
539187330
873632636790591489
703296297009356804
18765967
779303385598136320
1208932506
850015227756257280
431151283
425580734
15423701
1647401204
391928057
2667927801
14440725
1048851128123904002
25549092
343267635
26859830
413948223
4606646593
363583813
920393128401604608
887328622436122624
2847856998
928230508181577728
1126608793574395905
781071900080472064
950396698647584773
800564064296370177
731180491492098048
1706744216
1075547587976011776
110418348
1044787657681776640
62478764
827823232153636864
997385556538556416
895359675285336064
46553559
51042784
1039140694416347136
2291358188
36493806
135354872
35346943
472340998
941266632155938816
828799799142932480
878744019312017408
876888048340021251
887768842138771456
571202103
3130841662
982282933661814784
1560926802
2997344850
3122879063
4010826341
2992921206
3068484222
1040961804757819395
3046038144
446323333
981940040283504643
206363288
1643272861
27810469
843806288589078528
360667833
106322617
2462112444
827340035754180608
2607307464
226319081
1067440874
35019510
4214348537
94034686
67459854
727135121095180288
1057516392474427395
39279393
273898300
45767487
117103432
824244110626209792
22469456
867934313756676096
111631188
104520534
4514143064
224287580
69196651
1887001460
9886592
321346435
926120585347915776
122280853
2495830932
707766407061069824
47831965
1299340190
142957477
29612971
1012521902
3389741998
817383378433540097
404937654
2183125940
213900215
377314248
3235404753
945876782091206658
49273832
369941484
846014785246367745
88890364
259873788
372497412
42261517
542792728
31382555
748492600408145920
754878569252265984
83778590
766005693145092096
67132479
311319616
633461834
2800311369
924027545585991680
983629872365944833
147709014
1065565520596996096
2716097640
746452102856212480
15129727
3432897664
2723699841
2220416131
54287500
364207255
859763454802092033
887086254
2555763895
78175417
94362811
81091774
1315921093
593222868
909558259995906048
272162006
607476952
413097177
2976767194
16440543
22338785
23551203
3018841323
4415544557
161242354
1082383976243826688
886503781566865409
732405027248033795
145972478
190504193
201219333
25386250
86301974
713414320844095488
102161699
20831530
2159566136
1021260065343397888
310697279
98229569
1052829254155669504
1044543350110646272
983111436183498753
545152333
17292623
3178192208
3146669395
2870926676
907975227749093381
256302429
135945569
836383863819632642
854424657058910208
2726026615
2421251454
2249121151
3053837703
822952323794104323
41672086
594697628
913780810771238912
15785392
1030337882505011201
263904689
1922096563
453893556
412933559
922401046638579712
136404418
706413012022788096
1673747916
17620443
1026599650147659777
4870921704
2182274540
1083413643788730375
2699812346
1533042174
1003838977
21159425
1005075701870092288
445996563
2900483614
229531168
804823929684639744
17423927
869123386009542656
4082884154
3438599741
3663846975
376200768
27647555
4321140292
210787922
176053847
885246685076574209
723477740058492928
2575228506
1434672734
2428722788
444522096
2895535734
2839273083
979751991105802240
983965328584663040
62086811
1054826144
2784812707
40001204
1085278804644429839
398646966
221470391
6446772
159932086
1096769214
3086343870
54877891
531390154
822372473706418177
18243282
20799186
38199000
1009087163286347777
993931526831247365
768478881695268869
1464000252
413392646
191029020
790645127685570561
207413030
2572836657
2283331393
75063110
453074761
1052513718330740736
315678552
2955304791
1104306012
1943986015
2444320610
1041194851
12148612
64446352
48160656
421650320
181165970
425353108
1491394459
1001496533660061703
56975271
728685758840750081
719098026434945025
486006705
1002033160064991232
2222120916
990941384579469313
66969571
1062436039678218241
62480361
2479022059
3856064499
700635179778347008
156393470
491511810
30924802
10641412
838443613159710720
1081083875344830464
580247583
15851554
16015400
182280252
323215444
842956176958476289
410673248
318464102
787329713370959872
901951650205769731
3393937553
2760368278
3801440417
78373037
1081101796653838336
4854735034
1702518979
2515329230
1111187664
821740259197259777
900025493122043904
914907356
256041184
3077628128
233595127
557342970
18080002
865591555
163045640
185098507
29974801
1059525194904207360
800735350662385664
20013353
738714120380383234
2512412971
2664128815
277504312
2891899191
112910650
1197826370
3052167493
517136721
1126457684
1024340951320461316
33841508
15950183
30105969
2501402995
280551798
342843772
14246280
14901657
2822758811
63857055
613507500
529654189
260399545
87843261
15458765
860709360
17228282
73392641
135160324
1012334662663000064
218423826
165503509
873549948733845506
718096609259683840
889189438168944640
44196397
2750308944
2165203542
89481823
316629602
972444580556685315
102785642
2283463274
806435945939685376
992141942
938808374778413057
219341454
203186835
177201816
1418289829
569533095
19915432
105079480
46129848
2759451325
490201798
49668806
2646303432
220521162
17392332
876083623711174657
16147157
798810840
702096917883301889
856318811041128452
1487135467
976282351
131490551
21979896
73884415
555016964
888363072292827136
1960370958
19587858
3336168214
1657922330
109241118
967721513666433024
2900812606
925746666745008128
323773289
770574818211143680
965768919901286400
1490346865
516983
47866745
730341559934189569
2773574559
115991458
42394549
1478517696
26534854
33514439
2935579594
16507856
27681750
3130581975
15262682
2153341917
876673560340709376
51012591
17064951
546759674
792626934685560832
2473976833
1047520151703375872
931543659853570051
851147380145758209
1728963602
29549589
717438014079807492
16245822
730522686
327902270
14640193
880781526899855361
440558673
732787392722182144
2900812933
36365449
2980930697
111010958
1034220775996149760
171140269
822912287988137984
2777769159
90793171
2388059348
1036903699698860032
3287999704
16213210
346678505
1691215087
1007797490656186368
820110584
2165761272
833696431210897408
861861525883158528
1032013153369030656
2284250370
952091876189986816
179234056
253977874
986670360
112682264
1003953684944969728
893904162
4300530976
1018247333639802889
276948267
76342595
68150603
1540089176
17163609
311813477
2795169127
789188450318639105
18212207
55502195
925325603301199872
741664123
294020478
2501469572
2730255760
841023932694171648
31221153
36398499
3110659492
3955451301
229500329
20604333
482993584
24733117
705080384254509056
823291112500695046
257058263
36660700
1107123482985484288
17163752
57239025
1089575337149825024
2903598591
171828737
861950124972400640
1365173797
14935588
396715558
14083628
890053712131108865
741271117
282715729
842546050787295232
2206623326
3447154283
42362483
873218093656428547
301033085
824698870944960512
702688270090502145
79914634
3311822482
867729446467489792
2241521322
466773686
4440942267
467625670
1021054215526014976
53405388
944255538916986882
1066222172421517312
63104737
341567204
171828974
256206578
2471421697
793437962
195553045
182675229
19031838
1964173088
2581030699
714431419376930816
862003474690703362
1937401650
4243744577
857464731199717376
902799798264242176
75327299
304572237
134768466
2873780051
336521048
26077026
1008185856082038785
2242340718
2885085044
563832703
3835488136
15656849
7104402
3055773588
220653479
821321823581245441
770093398678245377
121825214
2507990976
161736647
1009716587941818369
3050661836
948654125788680192
869885120483819520
743282978126630913
18704352
824075101729652736
474736612
500525033
2520999920
1315596276
631531513
115435513
524380157
785099695895015424
2804574216
817003139299688448
216229907
190015509
873166213265993728
719903108395085825
1062836417515192320
264529969
968454389261246464
2529552456
103966799
970961297054552065
288417882
910760861458927616
1087852603453652997
956685275408711681
956905178279456769
849504368
190834800
741337202
228649079
361457796
341665925
715610834953613312
519858311
900249636585095168
14542994
14968996
276228267
234449073
36333759
546105541
69298376
121858259
18606297
26437868
1048569569097342976
1111517431
2547280123
950211689135226880
45017343
28567809
308898060
908166396319760385
2293229845
895992627115556865
4296861976
23587099
17819933
103049510
967223432441159680
1445161268
821762459107258369
196274486
278718784
65169730
951205817184858114
839196372167495680
4103956817
621799770
18409819
441674083
1682598246
912517483
778960798332751873
89287028
1086296298393751553
21883255
566290817
51308938
2852153738
1008658832
17328537
1446504866
410085800
900393404
854714814
46295487
2351851980
281799119
891691731661590529
780298025377763329
37579226
1474947554
146532857
436955667
3386239515
2925095454
3380406821
917833911362834432
46426671
142338612
71068219
441510461
267283006
774677553764270080
16280132
457435725
850464729311182848
2548984406
27093600
25684578
1286597221
741337705
814497567526555648
16083576
20802169
130607739
954346672892534785
823328889535680512
575269517
708944514581467136
746785338345959425
376728237
891727405135646720
948198358518075393
562293458
838212046172917760
155577045
1545661147
2929552091
996647291711868928
2345265887
29715173
3166661352
601713388
2258037487
193260297
310897418
3058920209
926419413825441792
4560644893
115600174
629566265
309422920
900787713166766080
51276630
555281242
179235678
469625697
2888952675
289827721
710123736175783938
720006031
2545576855
2462280618
888466350
24177582
712630701410148352
984482761057517568
935462147458502656
24243150
30927826
130575323
730935473162571776
3003935714
146140132
26635242
78572522
198536176
1448078324
577858559
524774400
554757120
257715213
984051942325473280
701468660418752513
1048964118
986558858779820034
2742938653
826135722843201537
550202401
921045571212804097
747463479292878848
2383309861
970400532178194432
846806625553973250
264399952
148597843
53898323
944196995543007234
20769879
51571812
2461887589
2788355174
1949363306
145681522
1080175870374039553
223145087
252308613
2588109960
866914648326643712
38366356
3025857684
402353316
929217438520143872
1169091764
16346294
509242551
475327680
29486275
493907142
1160637661
3063901408
820559417984909314
55274740
159182079
3750423807
121302272
1016545281544843264
1270312236
713431964242456576
100560178
20016443
942297550069039104
810875138346536961
1925803344
76115291
726564627815915520
14314862
3142282607
824438829092368384
928918823415222273
32959876
106098062
260926865
16379289
371617186
29879720
17821097
952298916317458438
186215856
2411195831
265776571
992919337144012800
1513221576
700519638912757760
976497095183040512
4725599713
161803749
47934951
376335847
297397741
932736573694767105
978414689368662021
25914886
949581155505815552
3350752786
1043074838867275776
742406787081588736
781901271737380865
123858468
2266132008
186019376
1096994954662957056
231894584
902566155243671552
182414918
403041883
712737757190299648
928233253420625920
586739320
18378364
842198653
306114173
304410245
725061143031615489
39579276
384233102
83193487
366374544
859711791345094656
2239393448
22146736
1176628915
580775606
1163849412
833525909739102208
1062498002
2264788693
20606683
828274679735463936
3013177064
4237324042
780292093839220736
748450242622676992
1605693206
83324697
894843641121910785
66580259
934056643159035904
344944426
983367555896127489
2895605549
483553071
90763060
929069302019391488
2482532167
101085002
145289062
103280490
1088340269114773505
224817011
19754867
274132854
917687317644632065
373452675
2521001863
457109385
610987918
2906255252
836851275576786945
442855337
26832834
1040049905472073729
987295699
928330770711691265
2499735536
22376434
446099443
125005813
815169124322201600
582414351
3302715419
1001866303773097984
44527675
4296962118
2835640417
2502717543
20050047
2325704833
2280288394
2224271
368898196
817051809529229312
2475782299
2540138659
4171985061
822523024712798210
3168956594
80769203
14610613
394260665
115470532
299659464
438923476
3026186457
753693711830097920
466514146
806144843156221954
335081717
2863821045
2375282936
9957632
2394059041
141947171
3327160612
1718382889
136737072
288649543
1004312219436441600
16544081
164819284
2860740950
40268126
90272103
14479724
101839237
869494643708350464
838048615310442496
805362336819249152
499020183
2883907999
1000398153315692544
3697013177
864383419
740438478022922241
3821826497
1410036163
810508178232373248
342028751
824150935828135936
7533022
2918478302
545386982
721307063805165568
367489515
722459370412511232
91189763
993062422331215873
951395335741497344
59503113
974123527
1026355649054031872
3280499226
61862436
1563849254
936829073384464384
738582777365299200
389673535
32043610
43872860
1064108650271309826
1028765953612554240
1871868530
20476532
2420798070
64320126
1028818802287493120
26342018
1638331014
1061601866654470145
78836392
32600745
137392810
953788226443141120
1014578028708589569
1379365554
912508173679865856
695957162867220480
3415438005
902361786
1320121026
878581678121172992
1028643033187680256
709587665
324465363
40825569
999202566490632192
156332777
398881513
817053092541853696
742902049503891456
475624182
202961654
4278907648
113144585
19100426
852967620408000512
823878945275834368
581890839
1381659427
834152821700358145
70447935
829429371001831432
1912304461
1001683313210396672
2303193944
3320771428
3648320360
62059377
758471422540820484
123663235
259322760
37909390
45413265
1098449297245437953
1337291695
839457164708167684
970879598358654977
960459715
1041888200
3090084821
2391536599
41710557
212988893
2870932446
1054442588227350528
206795751
861843343067820032
756897157807038464
566490093
159249403
166523930
121402395
45544477
467891236
2303751216
18084921
598832187
802601897941147648
2854745177
107770989
2467951734
160527484
1105082049046765568
935071159871332353
238515339
12907672
3222434969
1479406747
760943752210817024
29783199
278131878
282162349
117142709
2392257732
731688040947548160
885839574693490689
3030938833
260502745
400028891
486044893
824003080417120257
242414823
995843589241540608
14808307
2864641303
715846461422964736
1898640673
23065897
83653935
2890528054
789584208456982528
19985754
791344477
24311134
38172010
1066202484
3318510966
2909304186
854358733027237889
949154234015993857
3094902142
17560966
1539634584
17593752
1074692144382627841
538146217
542700979
23721398
19133894
815462582198878208
977099593878945792
46691793
895322318150488071
164263382
343406038
24671705
3152541147
205583841
866277700884934658
21165566
773127097028055040
190739984
24016401
2550855192
310441515
94369325
2184934963
174683705
1128111142776258562
932283732651847680
3432773187
2159769156
2316957252
211875404
67761750
773206452488077312
53376601
262796891
33486430
732278254254575616
2638313057
4721833578
2274948720
55801465
775326392393330688
3596154496
962595301109518336
1075334839186931713
47806130
1494480564
879718542366715904
24868543
76150465
123041474
108394178
708036423442632708
125630148
3146086098
239531736
1265104604
56751845
907611056612114434
147158762
923276945881739266
10811142
249427725
274593553
1342863121
37254932
772564762936774656
1074974447637942272
1550350116
429422374
226195240
1581643580
1422948163
1159657291
884486350124208128
1284994892
352548695
1076557874346758144
73037662
346060643
892033449758011392
1000814755664150528
39516018
782997129925160966
3034806167
138966937
725259637738582018
901146345830051840
898296445551423489
766944466229952516
945329252353835008
3177052137
758403501470822400
933261044654391296
890960637060370432
149518328
488437758
949718565325885440
19888144
746080263495630848
41187353
29194271
21559328
25393191
716155992535228416
816000464458280960
3221190707
949226098063101952
331774021
113047628
1000798291
105379927
928675932
2463234150
925010554300915714
407861369
1055586427
21592187
325941386
117340300
2308274318
19888273
111769758
820082850
37976227
746388429328519168
147191974
949199980266389504
879077538525396992
19790013
90863805
761362621
2539288782
855961465748062208
728092664705355776
393771226
939515620793700352
18938112
192280836
2698279206
4442847526
335575337
741341480
176912684
295205166
883572603130171392
2361882938
181041474
147487052
2364176718
834314546605150208
247429466
246348124
115669343
838378396660953089
808319342
1567291764
136214912
2961963399
81131924
967892165979353088
1071774108
22149535
801144681954443264
143522224
492009914
859717894573314048
845969856
952762998438932482
731019727
2455763407
3154737617
3381197279
242809325
553286130
18217470
77920769
798268532010217476
34699787
859876402644037633
3300817430
248183320
2245589528
967382282402254848
1715206687
339835435
948162843798659073
1079567694096150528
557808180
2680453704
467499612
3319069280
906205601247756288
564427365
243890802
17463923
2912549495
32799358
26114694
540015239
713395329123614720
3317496460
595786389
4374854293
179239584
2822470311
201980592
2903997122
1533803204
1014177851120275457
254999238
1317763788
706490572752687105
257948388
153123574
989548902708891648
3131243261
211319553
2582379270
440138503
820083404796555266
130087690
3321953046
66550558
544340792
1013843880473604096
1045474633045209088
1315240788
2646244184
1062231235978682368
1623161695
21363569
720274369998626816
1013166704984195073
2685139844
1738505095
856578671875956736
990604745889861632
1005091944635228161
3177970586
4500585376
2957802415
183303095
1051341888001851392
50428878
3233119182
742942123197140992
4845566963
790150819005997056
863703750464110592
621573
211745797
878190953089175552
45579282
954523487434977281
340753449
156073002
497122359
72842299
468450374
4119231562
855440460
107052130
14351460
1060419807508611072
181599332
727786765612924929
820884622145896448
3118529657
2749463678
2752740480
1012709864953430018
817199177088331776
132545706
4623072433
248413370
954919682846482432
3067739336
56130763
2195619023
828774937640841216
1939766486
1586134238
390823136
70974689
819723785133817856
925391292766367744
142310647
2412543222
1046772990
767369517068681216
3002596617
66419984
16186656
295599400
3759734055
52428078
3957685553
33684788
25820473
57015616
330759494
826083588860891136
602635605
847183194
19365210
970357150231900160
1013579172
20020647
812010037036142593
19398061
731226737783263232
809432792283095045
29294000
38305202
861076914
213646773
908230076
796009996806782977
1490124224
2153053644
295337421
4113726933
13958622
2438823392
721032173302759425
2707127796
2827451902
904377998887059457
2590768639
1084926610241921025
257031684
129072643
1010063069047918593
905002542781927424
349404689
16219669
2856222233
99745319
770466435126657024
14286412
296615500
2332589652
2868379225
3175513689
127565404
28114525
17694306
2938142309
1333001851
2176745083
925787970111660032
14089871
701575593524068352
3408363154
137199262
61898401
41352867
2175991469
634093245
4331241149
3941891775
177209025
215678679
3227516638
3215261423
3331751667
76283639
212205321
280493833
766447044890333185
128679707
24608543
143064863
224100133
16154410
933150668369432576
267714359
768671562
957087570
144703320
29097819
891149434586791939
562331498
806874084835348482
3007086445
1098702076153085954
979066438626365440
801394179481878528
701672884528238592
50233227
742337238781026304
12615582
4004609957
44203943
3300458410
512655278
618069948
624000972
832567688694218753
1271103438
940736467
17137628
111214559
4903272413
576520170
548503531
922833292734357505
1017558422408089600
16080897
620754951
121198602
232966157
2193305616
749312812825055232
3259424784
553111582
18214949
14116906
2659901484
14456879
1349886001
94863415
1435492410
15513659
3020537914
16326717
1978859582
2192943168
537122882
46862409
201412682
2922696778
40839245
485529684
362422358
324425826
943749224
443553900
186337391
742711548104282113
107446390
37599351
141314170
149475451
2478010496
62216324
2850269319
191129738
42991757
1214961806
24541334
15235231
20512933
11856042
23169196
2967462059
3086370987
2545275054
55277744
357689527
2396889272
17285310
768537067152375808
76966092
574638287
4795279569
1406501077
256968923
133392603
20166886
1952012520
398262505
15130873
76691714
104796419
2940068100
62783749
33059081
40110345
2478289162
169670924
111216907
15091978
602867984
514378008
47749401
3179112729
202617116
17785116
49963294
767437753197989888
57387302
2509572390
387766569
242092329
545184044
2890539308
332437807
1305940272
135278897
208763188
2593413428
2457106748
775231150029668352
2354368831
256946497
795303840300093440
467589447
239814983
3002282313
312537420
2433335630
2527052112
9990482
810916942102020096
2240590166
705539763349164032
23988572
68686173
147222879
3065985375
12884322
232497512
96625001
77246830
2401857906
22692212
269537653
2253396338
3055448440
39043451
20593022
267657599
12196222
41324928
236067209
20152714
4914510219
2571473294
3022244241
388147603
43360660
232135059
2181050773
2813354394
424255902
84582815
1541101987
882432420
4396802477
27988405
2578454965
3046429110
76265916
2900439489
3327879618
211907015
40720843
242354636
17439182
3131279823
106701264
40645072
14782935
15178203
58487261
21453277
113050080
208120290
3389241832
3306969581
53203441
2343369208
539044350
2484582912
75887107
119546373
766285942449635332
339724811
93313550
484792847
3215882769
2846233107
29768212
256920086
2858830358
1965091357
964184611
186245669
148914728
4498207273
761769240311451649
4656800302
149537329
2651818550
119802433
2617569858
359694918
3074890311
104981065
144888395
305007180
2369256012
559919694
118329933
479582799
719901263
2698447441
15280716
2464414291
19622496
735627367926890496
78867045
20023912
751368000100499459
3151567475
3192402548
111174262
16441982
17916546
212945548
370397837
24482451
624738963
90870424
401771162
96379550
480875170
2456881826
122032811
3100230334
245076677
70363846
1193755333
2532553417
2565391050
96537293
14846672
108286674
3403059922
1136626388
2507506388
390755030
1265195736
280402651
570393308
216558300
451855076
14205671
29072106
803752687
380574455
1548145405
4444594940
36403966
1698561
1435730690
487490313
4859616008
95603471
781930376721752064
365994769
868637460
797552242379390977
318642965
20636436
590865178
1022571295
779212420673929216
22913827
193030139
50299687
789037672794841088
2733654831
960160561
614411063
798251602406567941
3326899000
554568507
2584644408
24177470
2895006527
224334658
22860615
48999251
3073286999
2170536792
2591277916
71074656
19125090
811133588687167488
579840875
492249969
763458808664305664
307860347
225295229
2969932672
251437961
43312010
2539262856
17556365
1157514126
266863506
24011668
140768149
334298008
3063915417
4858753947
397556637
3292099486
1586766756
176343974
408013736
3173034923
1153461168
100793265
2188676017
45120442
91134912
368370629
94401477
391052231
467592138
1969116109
23442383
3045067727
4133370832
14095312
801541667732017156
336184282
16528347
1480141789
544254944
156969952
143082470
16864230
498807787
139742188
258712556
555082739
705426858054131712
12952582
2751822854
265264136
224203788
14185489
1372922904
3081352216
112225315
525677604
1109152806
993958952
108311593
4825230375
38134831
345201713
2824160307
25373752
458318905
2152588347
473087039
41458753
634104898
14320709
2745797701
3945464903
159061069
607220819
65600596
730291286
867740762
20436059
3505488987
169819231
101831777
263656559
2865990773
215356535
1006896248
34851964
26467457
3718503554
1278913668
16737418
4157215883
837407887
61633679
123290771
504018069
617623
18990231
813258503707987968
3042413724
471913635
224369830
2530350246
790693040
750019042044444672
50259125
106431670
4392471735
3047023805
69174466
712679664410628096
4075852996
4900781253
805306935843127296
630189266
1532081364
116403413
308036824
980335832
293788892
26789088
73039079
24188138
2769199099
40250606
419439858
56663286
811209223715639296
716734775059431430
1522148606
2387979518
4744598781
713066829288177664
108260608
39601416
518984972
2603330829
3401426195
614624536
149105948
731477108497780737
15301918
76444963
1177214246
159272230
300807465
2587989289
154873132
16631090
481258806
2984111418
246822205
748392071694815232
3187952959
18718023
2215986510
331631952
707938889835610112
2563163478
246469979
3022308701
318963042
2989335909
2330727788
2991904109
86080882
234886515
69299572
2282839411
1498963314
73457013
3101834618
186406273
71779714
1593195907
517651844
20063624
212661642
22654355
3107984786
2899455381
80004503
1565535649
19912099
2351531431
101821869
29494702
76420529
555031989
149198262
360445368
1369198014
921759169
888462786
259093955
3064266184
3121667530
86607312
708559276596453376
82283990
1525145046
78568928
30510564
171838948
4854459878
17153516
1586626033
68765178
3010502138
101860862
1269855744
577426947
105551371
158041613
1879166478
262641168
791137137123008512
47336979
732493332
49837590
780181611983798273
2391500311
22007324
726658603
242392620
1259570738
78831159
586849851
229856833
2403003971
3427876426
60575311
24704620
3651378796
3191111283
105090684
24133245
2366371454
3533100683
2409827984
535977623
139146904
20248215
766569945513721856
302429852
728262975459446784
3301766827
35731120
19756722
45364918
579202744
1499201215
319078080
1558861508
30406341
204496582
61853389
15148751
5697232
2411169486
1202093778
808120016
2557056728
1064087257
52772574
50659041
27240166
247062249
2740147945
277427950
84729591
93781753
3080625916
77901568
2522437381
3115316998
4797075207
128009994
310064906
421875472
66895633
4096028439
2805352218
190906140
2786219803
460584737
301127457
6297382
4557475635
3135389495
2807600952
817429301263888384
89622334
224161598
963182402
27920196
147961670
171843399
548558662
774661962
477687627
91649871
26013521
283080534
26877783
36366168
2242131800
3261474650
4685125466
533458781
3072606045
2363064158
109610849
2440042336
2265481058
891948900
92862310
102623081
1860960109
3295207277
14673782
4506470261
805928542508896257
22511487
71055234
629227395
525713285
2816501643
479600525
721065869
2896226188
95758228
2904360851
2828480404
4295485335
403357595
3186501531
1947060127
779641491933302788
3044595617
63375271
455425961
150476715
2743187370
836419501
2432288683
147470258
516476850
153360314
863367108
2849097668
15534023
3041689546
3300599758
2783813587
254812118
2827081691
78669790
165429225
228005867
280442865
94812149
1356177397
3830976503
2272192506
25096188
16080897
620754951
121198602
232966157
2193305616
749312812825055232
3259424784
553111582
18214949
14116906
2659901484
14456879
1349886001
94863415
1435492410
15513659
3020537914
16326717
1978859582
2192943168
537122882
46862409
201412682
2922696778
40839245
485529684
362422358
324425826
943749224
443553900
186337391
742711548104282113
107446390
37599351
141314170
149475451
2478010496
62216324
2850269319
191129738
42991757
1214961806
24541334
15235231
20512933
11856042
23169196
2967462059
3086370987
2545275054
55277744
357689527
2396889272
17285310
768537067152375808
76966092
574638287
4795279569
1406501077
256968923
133392603
20166886
1952012520
398262505
15130873
76691714
104796419
2940068100
62783749
33059081
40110345
2478289162
169670924
111216907
15091978
602867984
514378008
47749401
3179112729
202617116
17785116
49963294
767437753197989888
57387302
2509572390
387766569
242092329
545184044
2890539308
332437807
1305940272
135278897
208763188
2593413428
2457106748
775231150029668352
2354368831
256946497
795303840300093440
467589447
239814983
3002282313
312537420
2433335630
2527052112
9990482
810916942102020096
2240590166
705539763349164032
23988572
68686173
147222879
3065985375
12884322
232497512
96625001
77246830
2401857906
22692212
269537653
2253396338
3055448440
39043451
20593022
267657599
12196222
41324928
236067209
20152714
4914510219
2571473294
3022244241
388147603
43360660
232135059
2181050773
2813354394
424255902
84582815
1541101987
882432420
4396802477
27988405
2578454965
3046429110
76265916
2900439489
3327879618
211907015
40720843
242354636
17439182
3131279823
106701264
40645072
14782935
15178203
58487261
21453277
113050080
208120290
3389241832
3306969581
53203441
2343369208
539044350
2484582912
75887107
119546373
766285942449635332
339724811
93313550
484792847
3215882769
2846233107
29768212
256920086
2858830358
1965091357
964184611
186245669
148914728
4498207273
761769240311451649
4656800302
149537329
2651818550
119802433
2617569858
359694918
3074890311
104981065
144888395
305007180
2369256012
559919694
118329933
479582799
719901263
2698447441
15280716
2464414291
19622496
735627367926890496
78867045
20023912
751368000100499459
3151567475
3192402548
111174262
16441982
17916546
212945548
370397837
24482451
624738963
90870424
401771162
96379550
480875170
2456881826
122032811
3100230334
245076677
70363846
1193755333
2532553417
2565391050
96537293
14846672
108286674
3403059922
1136626388
2507506388
390755030
1265195736
280402651
570393308
216558300
451855076
14205671
29072106
803752687
380574455
1548145405
4444594940
36403966
1698561
1435730690
487490313
4859616008
95603471
781930376721752064
365994769
868637460
797552242379390977
318642965
20636436
590865178
1022571295
779212420673929216
22913827
193030139
50299687
789037672794841088
2733654831
960160561
614411063
798251602406567941
3326899000
554568507
2584644408
24177470
2895006527
224334658
22860615
48999251
3073286999
2170536792
2591277916
71074656
19125090
811133588687167488
579840875
492249969
763458808664305664
307860347
225295229
2969932672
251437961
43312010
2539262856
17556365
1157514126
266863506
24011668
140768149
334298008
3063915417
4858753947
397556637
3292099486
1586766756
176343974
408013736
3173034923
1153461168
100793265
2188676017
45120442
91134912
368370629
94401477
391052231
467592138
1969116109
23442383
3045067727
4133370832
14095312
801541667732017156
336184282
16528347
1480141789
544254944
156969952
143082470
16864230
498807787
139742188
258712556
555082739
705426858054131712
12952582
2751822854
265264136
224203788
14185489
1372922904
3081352216
112225315
525677604
1109152806
993958952
108311593
4825230375
38134831
345201713
2824160307
25373752
458318905
2152588347
473087039
41458753
634104898
14320709
2745797701
3945464903
159061069
607220819
65600596
730291286
867740762
20436059
3505488987
169819231
101831777
263656559
2865990773
215356535
1006896248
34851964
26467457
3718503554
1278913668
16737418
4157215883
837407887
61633679
123290771
504018069
617623
18990231
813258503707987968
3042413724
471913635
224369830
2530350246
790693040
750019042044444672
50259125
106431670
4392471735
3047023805
69174466
712679664410628096
4075852996
4900781253
805306935843127296
630189266
1532081364
116403413
308036824
980335832
293788892
26789088
73039079
24188138
2769199099
40250606
419439858
56663286
811209223715639296
716734775059431430
1522148606
2387979518
4744598781
713066829288177664
108260608
39601416
518984972
2603330829
3401426195
614624536
149105948
731477108497780737
15301918
76444963
1177214246
159272230
300807465
2587989289
154873132
16631090
481258806
2984111418
246822205
748392071694815232
3187952959
18718023
2215986510
331631952
707938889835610112
2563163478
246469979
3022308701
318963042
2989335909
2330727788
2991904109
86080882
234886515
69299572
2282839411
1498963314
73457013
3101834618
186406273
71779714
1593195907
517651844
20063624
212661642
22654355
3107984786
2899455381
80004503
1565535649
19912099
2351531431
101821869
29494702
76420529
555031989
149198262
360445368
1369198014
921759169
888462786
259093955
3064266184
3121667530
86607312
708559276596453376
82283990
1525145046
78568928
30510564
171838948
4854459878
17153516
1586626033
68765178
3010502138
101860862
1269855744
577426947
105551371
158041613
1879166478
262641168
791137137123008512
47336979
732493332
49837590
780181611983798273
2391500311
22007324
726658603
242392620
1259570738
78831159
586849851
229856833
2403003971
3427876426
60575311
24704620
3651378796
3191111283
105090684
24133245
2366371454
3533100683
2409827984
535977623
139146904
20248215
766569945513721856
302429852
728262975459446784
3301766827
35731120
19756722
45364918
579202744
1499201215
319078080
1558861508
30406341
204496582
61853389
15148751
5697232
2411169486
1202093778
808120016
2557056728
1064087257
52772574
50659041
27240166
247062249
2740147945
277427950
84729591
93781753
3080625916
77901568
2522437381
3115316998
4797075207
128009994
310064906
421875472
66895633
4096028439
2805352218
190906140
2786219803
460584737
301127457
6297382
4557475635
3135389495
2807600952
817429301263888384
89622334
224161598
963182402
27920196
147961670
171843399
548558662
774661962
477687627
91649871
26013521
283080534
26877783
36366168
2242131800
3261474650
4685125466
533458781
3072606045
2363064158
109610849
2440042336
2265481058
891948900
92862310
102623081
1860960109
3295207277
14673782
4506470261
805928542508896257
22511487
71055234
629227395
525713285
2816501643
479600525
721065869
2896226188
95758228
2904360851
2828480404
4295485335
403357595
3186501531
1947060127
779641491933302788
3044595617
63375271
455425961
150476715
2743187370
836419501
2432288683
147470258
516476850
153360314
863367108
2849097668
15534023
3041689546
3300599758
2783813587
254812118
2827081691
78669790
165429225
228005867
280442865
94812149
1356177397
3830976503
2272192506
25096188
16080897
620754951
121198602
232966157
2193305616
749312812825055232
3259424784
553111582
18214949
14116906
2659901484
14456879
1349886001
94863415
1435492410
15513659
3020537914
16326717
1978859582
2192943168
537122882
46862409
201412682
2922696778
40839245
485529684
362422358
324425826
943749224
443553900
186337391
742711548104282113
107446390
37599351
141314170
149475451
2478010496
62216324
2850269319
191129738
42991757
1214961806
24541334
15235231
20512933
11856042
23169196
2967462059
3086370987
2545275054
55277744
357689527
2396889272
17285310
768537067152375808
76966092
574638287
4795279569
1406501077
256968923
133392603
20166886
1952012520
398262505
15130873
76691714
104796419
2940068100
62783749
33059081
40110345
2478289162
169670924
111216907
15091978
602867984
514378008
47749401
3179112729
202617116
17785116
49963294
767437753197989888
57387302
2509572390
387766569
242092329
545184044
2890539308
332437807
1305940272
135278897
208763188
2593413428
2457106748
775231150029668352
2354368831
256946497
795303840300093440
467589447
239814983
3002282313
312537420
2433335630
2527052112
9990482
810916942102020096
2240590166
705539763349164032
23988572
68686173
147222879
3065985375
12884322
232497512
96625001
77246830
2401857906
22692212
269537653
2253396338
3055448440
39043451
20593022
267657599
12196222
41324928
236067209
20152714
4914510219
2571473294
3022244241
388147603
43360660
232135059
2181050773
2813354394
424255902
84582815
1541101987
882432420
4396802477
27988405
2578454965
3046429110
76265916
2900439489
3327879618
211907015
40720843
242354636
17439182
3131279823
106701264
40645072
14782935
15178203
58487261
21453277
113050080
208120290
3389241832
3306969581
53203441
2343369208
539044350
2484582912
75887107
119546373
766285942449635332
339724811
93313550
484792847
3215882769
2846233107
29768212
256920086
2858830358
1965091357
964184611
186245669
148914728
4498207273
761769240311451649
4656800302
149537329
2651818550
119802433
2617569858
359694918
3074890311
104981065
144888395
305007180
2369256012
559919694
118329933
479582799
719901263
2698447441
15280716
2464414291
19622496
735627367926890496
78867045
20023912
751368000100499459
3151567475
3192402548
111174262
16441982
17916546
212945548
370397837
24482451
624738963
90870424
401771162
96379550
480875170
2456881826
122032811
3100230334
245076677
70363846
1193755333
2532553417
2565391050
96537293
14846672
108286674
3403059922
1136626388
2507506388
390755030
1265195736
280402651
570393308
216558300
451855076
14205671
29072106
803752687
380574455
1548145405
4444594940
36403966
1698561
1435730690
487490313
4859616008
95603471
781930376721752064
365994769
868637460
797552242379390977
318642965
20636436
590865178
1022571295
779212420673929216
22913827
193030139
50299687
789037672794841088
2733654831
960160561
614411063
798251602406567941
3326899000
554568507
2584644408
24177470
2895006527
224334658
22860615
48999251
3073286999
2170536792
2591277916
71074656
19125090
811133588687167488
579840875
492249969
763458808664305664
307860347
225295229
2969932672
251437961
43312010
2539262856
17556365
1157514126
266863506
24011668
140768149
334298008
3063915417
4858753947
397556637
3292099486
1586766756
176343974
408013736
3173034923
1153461168
100793265
2188676017
45120442
91134912
368370629
94401477
391052231
467592138
1969116109
23442383
3045067727
4133370832
14095312
801541667732017156
336184282
16528347
1480141789
544254944
156969952
143082470
16864230
498807787
139742188
258712556
555082739
705426858054131712
12952582
2751822854
265264136
224203788
14185489
1372922904
3081352216
112225315
525677604
1109152806
993958952
108311593
4825230375
38134831
345201713
2824160307
25373752
458318905
2152588347
473087039
41458753
634104898
14320709
2745797701
3945464903
159061069
607220819
65600596
730291286
867740762
20436059
3505488987
169819231
101831777
263656559
2865990773
215356535
1006896248
34851964
26467457
3718503554
1278913668
16737418
4157215883
837407887
61633679
123290771
504018069
617623
18990231
813258503707987968
3042413724
471913635
224369830
2530350246
790693040
750019042044444672
50259125
106431670
4392471735
3047023805
69174466
712679664410628096
4075852996
4900781253
805306935843127296
630189266
1532081364
116403413
308036824
980335832
293788892
26789088
73039079
24188138
2769199099
40250606
419439858
56663286
811209223715639296
716734775059431430
1522148606
2387979518
4744598781
713066829288177664
108260608
39601416
518984972
2603330829
3401426195
614624536
149105948
731477108497780737
15301918
76444963
1177214246
159272230
300807465
2587989289
154873132
16631090
481258806
2984111418
246822205
748392071694815232
3187952959
18718023
2215986510
331631952
707938889835610112
2563163478
246469979
3022308701
318963042
2989335909
2330727788
2991904109
86080882
234886515
69299572
2282839411
1498963314
73457013
3101834618
186406273
71779714
1593195907
517651844
20063624
212661642
22654355
3107984786
2899455381
80004503
1565535649
19912099
2351531431
101821869
29494702
76420529
555031989
149198262
360445368
1369198014
921759169
888462786
259093955
3064266184
3121667530
86607312
708559276596453376
82283990
1525145046
78568928
30510564
171838948
4854459878
17153516
1586626033
68765178
3010502138
101860862
1269855744
577426947
105551371
158041613
1879166478
262641168
791137137123008512
47336979
732493332
49837590
780181611983798273
2391500311
22007324
726658603
242392620
1259570738
78831159
586849851
229856833
2403003971
3427876426
60575311
24704620
3651378796
3191111283
105090684
24133245
2366371454
3533100683
2409827984
535977623
139146904
20248215
766569945513721856
302429852
728262975459446784
3301766827
35731120
19756722
45364918
579202744
1499201215
319078080
1558861508
30406341
204496582
61853389
15148751
5697232
2411169486
1202093778
808120016
2557056728
1064087257
52772574
50659041
27240166
247062249
2740147945
277427950
84729591
93781753
3080625916
77901568
2522437381
3115316998
4797075207
128009994
310064906
421875472
66895633
4096028439
2805352218
190906140
2786219803
460584737
301127457
6297382
4557475635
3135389495
2807600952
817429301263888384
89622334
224161598
963182402
27920196
147961670
171843399
548558662
774661962
477687627
91649871
26013521
283080534
26877783
36366168
2242131800
3261474650
4685125466
533458781
3072606045
2363064158
109610849
2440042336
2265481058
891948900
92862310
102623081
1860960109
3295207277
14673782
4506470261
805928542508896257
22511487
71055234
629227395
525713285
2816501643
479600525
721065869
2896226188
95758228
2904360851
2828480404
4295485335
403357595
3186501531
1947060127
779641491933302788
3044595617
63375271
455425961
150476715
2743187370
836419501
2432288683
147470258
516476850
153360314
863367108
2849097668
15534023
3041689546
3300599758
2783813587
254812118
2827081691
78669790
165429225
228005867
280442865
94812149
1356177397
3830976503
2272192506
25096188
16080897
620754951
121198602
232966157
2193305616
749312812825055232
3259424784
553111582
18214949
14116906
2659901484
14456879
1349886001
94863415
1435492410
15513659
3020537914
16326717
1978859582
2192943168
537122882
46862409
201412682
2922696778
40839245
485529684
362422358
324425826
943749224
443553900
186337391
742711548104282113
107446390
37599351
141314170
149475451
2478010496
62216324
2850269319
191129738
42991757
1214961806
24541334
15235231
20512933
11856042
23169196
2967462059
3086370987
2545275054
55277744
357689527
2396889272
17285310
768537067152375808
76966092
574638287
4795279569
1406501077
256968923
133392603
20166886
1952012520
398262505
15130873
76691714
104796419
2940068100
62783749
33059081
40110345
2478289162
169670924
111216907
15091978
602867984
514378008
47749401
3179112729
202617116
17785116
49963294
767437753197989888
57387302
2509572390
387766569
242092329
545184044
2890539308
332437807
1305940272
135278897
208763188
2593413428
2457106748
775231150029668352
2354368831
256946497
795303840300093440
467589447
239814983
3002282313
312537420
2433335630
2527052112
9990482
810916942102020096
2240590166
705539763349164032
23988572
68686173
147222879
3065985375
12884322
232497512
96625001
77246830
2401857906
22692212
269537653
2253396338
3055448440
39043451
20593022
267657599
12196222
41324928
236067209
20152714
4914510219
2571473294
3022244241
388147603
43360660
232135059
2181050773
2813354394
424255902
84582815
1541101987
882432420
4396802477
27988405
2578454965
3046429110
76265916
2900439489
3327879618
211907015
40720843
242354636
17439182
3131279823
106701264
40645072
14782935
15178203
58487261
21453277
113050080
208120290
3389241832
3306969581
53203441
2343369208
539044350
2484582912
75887107
119546373
766285942449635332
339724811
93313550
484792847
3215882769
2846233107
29768212
256920086
2858830358
1965091357
964184611
186245669
148914728
4498207273
761769240311451649
4656800302
149537329
2651818550
119802433
2617569858
359694918
3074890311
104981065
144888395
305007180
2369256012
559919694
118329933
479582799
719901263
2698447441
15280716
2464414291
19622496
735627367926890496
78867045
20023912
751368000100499459
3151567475
3192402548
111174262
16441982
17916546
212945548
370397837
24482451
624738963
90870424
401771162
96379550
480875170
2456881826
122032811
3100230334
245076677
70363846
1193755333
2532553417
2565391050
96537293
14846672
108286674
3403059922
1136626388
2507506388
390755030
1265195736
280402651
570393308
216558300
451855076
14205671
29072106
803752687
380574455
1548145405
4444594940
36403966
1698561
1435730690
487490313
4859616008
95603471
781930376721752064
365994769
868637460
797552242379390977
318642965
20636436
590865178
1022571295
779212420673929216
22913827
193030139
50299687
789037672794841088
2733654831
960160561
614411063
798251602406567941
3326899000
554568507
2584644408
24177470
2895006527
224334658
22860615
48999251
3073286999
2170536792
2591277916
71074656
19125090
811133588687167488
579840875
492249969
763458808664305664
307860347
225295229
2969932672
251437961
43312010
2539262856
17556365
1157514126
266863506
24011668
140768149
334298008
3063915417
4858753947
397556637
3292099486
1586766756
176343974
408013736
3173034923
1153461168
100793265
2188676017
45120442
91134912
368370629
94401477
391052231
467592138
1969116109
23442383
3045067727
4133370832
14095312
801541667732017156
336184282
16528347
1480141789
544254944
156969952
143082470
16864230
498807787
139742188
258712556
555082739
705426858054131712
12952582
2751822854
265264136
224203788
14185489
1372922904
3081352216
112225315
525677604
1109152806
993958952
108311593
4825230375
38134831
345201713
2824160307
25373752
458318905
2152588347
473087039
41458753
634104898
14320709
2745797701
3945464903
159061069
607220819
65600596
730291286
867740762
20436059
3505488987
169819231
101831777
263656559
2865990773
215356535
1006896248
34851964
26467457
3718503554
1278913668
16737418
4157215883
837407887
61633679
123290771
504018069
617623
18990231
813258503707987968
3042413724
471913635
224369830
2530350246
790693040
750019042044444672
50259125
106431670
4392471735
3047023805
69174466
712679664410628096
4075852996
4900781253
805306935843127296
630189266
1532081364
116403413
308036824
980335832
293788892
26789088
73039079
24188138
2769199099
40250606
419439858
56663286
811209223715639296
716734775059431430
1522148606
2387979518
4744598781
713066829288177664
108260608
39601416
518984972
2603330829
3401426195
614624536
149105948
731477108497780737
15301918
76444963
1177214246
159272230
300807465
2587989289
154873132
16631090
481258806
2984111418
246822205
748392071694815232
3187952959
18718023
2215986510
331631952
707938889835610112
2563163478
246469979
3022308701
318963042
2989335909
2330727788
2991904109
86080882
234886515
69299572
2282839411
1498963314
73457013
3101834618
186406273
71779714
1593195907
517651844
20063624
212661642
22654355
3107984786
2899455381
80004503
1565535649
19912099
2351531431
101821869
29494702
76420529
555031989
149198262
360445368
1369198014
921759169
888462786
259093955
3064266184
3121667530
86607312
708559276596453376
82283990
1525145046
78568928
30510564
171838948
4854459878
17153516
1586626033
68765178
3010502138
101860862
1269855744
577426947
105551371
158041613
1879166478
262641168
791137137123008512
47336979
732493332
49837590
780181611983798273
2391500311
22007324
726658603
242392620
1259570738
78831159
586849851
229856833
2403003971
3427876426
60575311
24704620
3651378796
3191111283
105090684
24133245
2366371454
3533100683
2409827984
535977623
139146904
20248215
766569945513721856
302429852
728262975459446784
3301766827
35731120
19756722
45364918
579202744
1499201215
319078080
1558861508
30406341
204496582
61853389
15148751
5697232
2411169486
1202093778
808120016
2557056728
1064087257
52772574
50659041
27240166
247062249
2740147945
277427950
84729591
93781753
3080625916
77901568
2522437381
3115316998
4797075207
128009994
310064906
421875472
66895633
4096028439
2805352218
190906140
2786219803
460584737
301127457
6297382
4557475635
3135389495
2807600952
817429301263888384
89622334
224161598
963182402
27920196
147961670
171843399
548558662
774661962
477687627
91649871
26013521
283080534
26877783
36366168
2242131800
3261474650
4685125466
533458781
3072606045
2363064158
109610849
2440042336
2265481058
891948900
92862310
102623081
1860960109
3295207277
14673782
4506470261
805928542508896257
22511487
71055234
629227395
525713285
2816501643
479600525
721065869
2896226188
95758228
2904360851
2828480404
4295485335
403357595
3186501531
1947060127
779641491933302788
3044595617
63375271
455425961
150476715
2743187370
836419501
2432288683
147470258
516476850
153360314
863367108
2849097668
15534023
3041689546
3300599758
2783813587
254812118
2827081691
78669790
165429225
228005867
280442865
94812149
1356177397
3830976503
2272192506
25096188
